1.415 2.095
0.342 0.316
-0.09 1.763
0.351 2.053
2.843 0.404
-0.368 0.346
0.913 -1.248
-0.326 -0.209
1.666 0.96
2.651 0.435
3.988 -0.582
0.057 -0.913
1.953 1.467
-0.066 -0.055
-0.571 2.147
0.376 1.473
0.904 1.182
1.328 0.359
1.028 -0.953
2.222 -1.248
0.816 -1.087
-0.145 0.418
0.258 1.188
1.701 -0.898
1.682 0.216
0.629 -0.372
1.204 0.078
-0.674 2.623
0.835 0.481
-0.046 -0.031
1.433 1.828
0.592 -0.71
1.632 0.778
0.291 -0.009
1.547 1.922
2.344 1.692
1.178 0.736
0.566 1.097
2.479 -0.842
0.145 0.576
2.248 -1.126
0.807 1.257
-0.993 0.69
3.371 0.486
0.498 0.15
1.677 -0.487
1.046 0.98
0.297 -0.938
2.196 0.246
0.498 0.925
