-1.949 1
-2.074 1
-2.25 1
0.141 1
1.217 1
-2.602 1
0.555 1
-1.574 1
-0.595 1
1.433 1
-3.99 1
-0.099 1
4.892 1
-1.499 1
-1.475 1
-0.14 1
2.679 1
-0.348 1
-2.293 1
0.526 1
1.96 1
1.328 1
1.724 1
2.756 1
-2.029 1
1.135 1
2.054 1
2.963 1
-1.011 1
1.179 1
-0.845 1
2.342 1
-3.627 1
-3.044 1
0.145 1
2.033 1
1.777 1
0.1 1
0.868 1
0.33 1
2.852 1
0.562 1
-2.382 1
-1.966 1
1.856 1
-2.095 1
-0.457 1
0.242 1
-3.117 1
1.294 1
-2.715 2
1.024 2
-4.955 2
-7.456 2
10.207 2
-0.899 2
4.837 2
1.359 2
8.429 2
1.865 2
9.654 2
-0.84 2
0.477 2
-6.446 2
-0.373 2
-9.06 2
1.538 2
-8.099 2
-9.579 2
-1.85 2
-6.458 2
-4.788 2
-0.071 2
-0.89 2
-2.043 2
3.841 2
-0.165 2
1.251 2
-1.277 2
0.488 2
4.467 2
-2.799 2
-7.045 2
6.136 2
-2.577 2
-2.121 2
-8.917 2
-4.266 2
0.847 2
-3.7 2
-8.666 2
1.531 2
-3.044 2
-3.63 2
-2.035 2
4.899 2
-2.997 2
-0.936 2
-6.236 2
5.27 2
