-0.003 -1.328
-0.277 -1.745
0.551 -0.483
0.539 -0.502
-0.197 -1.624
0.103 -1.166
0.535 -0.507
0.902 0.052
-0.424 -1.97
0.072 -1.213
0.681 -0.284
-0.021 -1.355
0.0 -1.323
0.123 -1.135
-0.896 -2.689
0.294 -0.875
0.826 -0.063
0.196 -1.024
-0.171 -1.585
-1.469 -3.563
-1.062 -2.942
1.568 1.067
-1.268 -3.256
0.074 -1.211
-0.969 -2.801
-1.954 -4.303
-0.951 -2.774
-0.601 -2.239
-0.083 -1.45
-0.935 -2.749
0.764 -0.158
0.741 -0.194
-1.365 -3.404
-0.135 -1.53
1.522 0.998
0.024 -1.286
0.422 -0.68
-0.685 -2.368
-2.474 -5.095
-0.754 -2.473
-0.583 -2.213
0.899 0.047
-0.957 -2.782
-1.537 -3.667
-0.923 -2.731
1.021 0.234
0.826 -0.064
-1.184 -3.129
-0.519 -2.115
0.665 -0.31
